500 2 2
23.0 0.0 0
44.0 0.0 1
15.1284645643 23.5611875746 0
46.4659983047 72.3665046935 1
-2.08073418274 4.54648713413 0
-26.2172507025 57.28573789 1
-25.7398049116 3.66912020956 0
-89.099324694 12.7008007254 1
-8.49736707123 -9.838432439 0
-56.2133513943 -65.0850145965 1
3.97127059649 -13.4249398453 0
24.9622723208 -84.3853361704 1
26.8847680262 -7.82363394957 0
70.0924309255 -20.3973313685 1
15.0780450869 13.1397319744 0
28.648285665 24.9654907513 1
-2.47350057475 16.8190901926 0
-12.0765028061 82.1167344697 1
-26.4227775947 11.951436072 0
-41.0008617848 18.5453318359 1
-1.67814305815 -1.08804222178 0
-60.4131500935 -39.169519984 1
0.132770939642 -29.9997061965 0
0.247839087331 -55.9994515668 1
0.843853958732 -0.536572918 0
64.9767548224 -41.316114686 1
16.3340420661 7.56300666288 0
63.5212747015 29.4116925779 1
2.87148158236 20.8027544696 0
11.0757146748 80.2391958113 1
-16.7131340829 14.3063324835 0
-31.9068923401 27.3120892866 1
-23.9414870081 -7.19758291663 0
-36.3910602523 -10.9403260333 1
-7.9797368035 -27.8805272645 0
-19.8117603397 -69.2206194153 1
6.60316708244 -7.50987246772 0
29.0539351627 -33.043438858 1
14.8305692728 2.24815814494 0
69.2093232731 10.4914046764 1
0.0 0.0 0
22.4445133997 50.21198879 1
-6.57275112269 10.0398676624 0
-39.9842359964 61.0758616131 1
-16.9993340487 -0.150472257937 0
-82.9967485908 -0.734658671104 1
-2.13133208133 -3.3848816167 0
-38.363977464 -60.9278691006 1
8.0594011394 -17.2059888781 0
33.0859625723 -70.6351122365 1
16.8504478017 -2.24997975166 0
39.6481124745 -5.29407000391 1
0.646919322329 0.76255845048 0
31.0521274718 36.602805623 1
-0.584277617468 1.91275185681 0
-14.314801628 46.8624204918 1
-11.5512703958 3.25086945969 0
-33.691205321 9.48170259078 1
-20.1975533016 -17.9181148738 0
-49.3717969595 -43.7998363581 1
4.31904059685 -27.6648854746 0
13.72837904 -87.9348145443 1
21.0390742295 -9.29286584243 0
58.5435108995 -25.8584093007 1
14.1817971286 9.37425358111 0
29.1978176177 19.2999338435 1
-0.212427955569 15.9985897617 0
-0.862988569499 64.994270907 1
-9.33427302263 5.81990954732 0
-47.5199353879 29.6286304227 1
-9.03692205092 -4.28182669496 0
-30.7255349731 -14.5582107629 1
-3.32705593031 -25.7862501895 0
-11.5167320665 -89.2600968099 1
21.4315934545 -18.019067734 0
50.5173274284 -42.4735168016 1
5.73044186428 1.77821147226 0
82.1363333881 25.487697769 1
7.73264503844 27.9500662022 0
22.3980063182 80.9588124479 1
-4.66856643157 5.21579212336 0
-45.3517881924 50.6676949126 1
-18.759446273 -3.01383070729 0
-79.9744814794 -12.8484361732 1
-9.99963287471 -22.9130386979 0
-24.3991042143 -55.9078144229 1
14.4329458395 -21.6261433083 0
19.9840788547 -29.9438907346 1
26.9957693335 0.477951977846 0
86.9863678523 1.54006748417 1
8.9304738099 14.4653599171 0
37.2978612061 60.4141502419 1
-6.91484711816 14.4286135624 0
-18.1514736852 37.8751106012 1
-13.8926965681 1.73002371843 0
-49.6167734575 6.17865613726 1
-16.6437528262 -19.9746211944 0
-37.7685160287 -45.3270250181 1
0.0 -0.0 0
18.0355526246 -57.2251591656 1
10.6146263134 -2.88612339074 0
66.582655966 -18.1038649056 1
7.42154196814 6.70229175843 0
54.9194105642 49.5969590124 1
-1.14093546557 6.90639314428 0
-13.2022532445 79.9168349553 1
-2.75484835864 1.18777545055 0
-75.2991884694 32.4658623149 1
-10.7810278272 -7.26425763507 0
-34.0017031474 -22.9103510029 1
0.309774587667 -13.996572427 0
0.995704031788 -44.9889828011 1
9.38542118495 -5.73706102296 0
61.431847756 -37.5516721503 1
8.99866826969 4.36164755248 0
56.6916100991 27.4783795806 1
0.357540406346 2.97861794425 0
7.50834853328 62.5509768293 1
-1.54216044595 1.27347601428 0
-58.6020969462 48.3920885426 1
-16.1910206671 -5.18178055874 0
-71.4309735311 -22.8607965827 1
-5.67823599064 -21.2545909402 0
-22.4548423266 -84.0522459907 1
13.4701432465 -14.783613933 0
30.9813294669 -34.0023120459 1
25.6333111211 4.35124820787 0
70.9845538739 12.0496104218 1
7.44528737816 17.4804947257 0
34.4834362778 80.9622913613 1
-3.93717695867 5.78780075643 0
-50.0583927602 73.5877524746 1
-28.989776223 -0.769983466695 0
-78.9721490213 -2.09754116789 1
-7.76654699684 -12.8327996846 0
-33.6550369863 -55.6087986334 1
9.24300347242 -18.8564812945 0
31.2501545972 -63.7528653289 1
25.8281498728 -2.98440515836 0
37.7488344294 -4.36182292376 1
7.59983043704 9.28668817869 0
31.6659601543 38.6945340779 1
-5.56240910699 17.1189837586 0
-11.4338409421 35.1890221704 1
-11.6070070593 3.04588035314 0
-32.8865200013 8.62999433391 1
-0.0 -0.0 0
-63.3125737675 -58.2023882923 1
2.91919481112 -16.747486428 0
11.6767792445 -66.9899457118 1
20.2785279339 -8.53119597901 0
34.1047969798 -14.3479205101 1
10.7163073044 7.35939927968 0
28.8515965888 19.8137672914 1
-0.929250951936 29.9856047574 0
-2.32312737984 74.9640118936 1
-4.28901546622 2.56989227994 0
-50.6103825015 30.3247289033 1
-17.023447989 -8.43814070544 0
-36.7348088184 -18.208619417 1
-1.32464692607 -11.9266638471 0
-8.38943053177 -75.5355376982 1
15.5337196404 -12.5977598855 0
35.727555173 -28.9748477366 1
27.5406532386 9.08363469056 0
41.7858187068 13.7820664271 1
0.499080235947 1.9367289222 0
18.965048966 73.5956990436 1
-11.560399425 12.4642354412 0
-48.2816681867 52.0565127252 1
-4.92188321697 -0.880378099743 0
-44.2969489527 -7.92340289769 1
-2.68588911465 -6.46420912903 0
-14.1968424631 -34.1679625392 1
9.11600534824 -13.1490853861 0
39.3127730643 -56.7054307275 1
1.99874656739 0.0707966054673 0
82.9479825467 2.93805912689 1
1.02035408988 1.72013881162 0
24.4884981572 41.283331479 1
-12.5460612516 25.0319065808 0
-34.0535948258 67.9437464336 1
-4.97183730464 0.529937558756 0
-41.763433359 4.45147549355 1
-17.5404445415 -21.8250499492 0
-24.4313334685 -30.399176715 1
6.66600273191 -19.9139249667 0
23.1722952109 -69.2245963127 1
11.6335124 -2.94302382561 0
45.5645902335 -11.526843317 1
18.2543390249 17.0815428684 0
32.1276366838 30.0635154484 1
-4.14990033369 22.622518145 0
-7.39764842093 40.3270975628 1
-10.1766229026 4.1756851293 0
-37.9310490005 15.5639173001 1
-2.45786473587 -1.72014561597 0
-64.723771378 -45.2971678872 1
0.0796417607863 -1.99841366837 0
3.10602867066 -77.9381330665 1
20.6956529349 -12.1527753866 0
68.1231909107 -40.0028856477 1
24.0841314843 12.2046962538 0
33.0041801822 16.7249541256 1
2.13329977763 20.8913626185 0
7.92368488834 77.596489726 1
-4.69338533932 3.73793178865 0
-70.4007800898 56.0689768298 1
-2.84060403225 -0.964867209488 0
-53.9714766128 -18.3324769803 1
-5.06014003396 -20.3812409543 0
-19.7586420374 -79.5838932501 1
9.6108117127 -10.1799950011 0
37.070273749 -39.2656950044 1
5.89667749225 1.10869046736 0
66.8290115788 12.5651586301 1
6.00815356427 14.8290960867 0
14.2693647151 35.2191032059 1
-17.3100653683 24.5022781991 0
-34.6201307366 49.0045563982 1
-23.9764995196 -1.06182427404 0
-69.931456932 -3.09698746595 1
-6.03053182974 -10.3746173833 0
-17.0865068509 -29.3947492528 1
13.6790731333 -26.699868131 0
37.8454356689 -73.8696351624 1
24.8816659054 -2.42954764733 0
84.5976640785 -8.26046200092 1
16.1075359265 20.4094901057 0
55.7568551303 70.6482349813 1
-6.5161961044 18.9087066805 0
-22.155066755 64.2896027137 1
-4.85796095314 1.18330696682 0
-64.1250845815 15.619651962 1
-2.8963887868 -2.75879176374 0
-48.5145121789 -46.2097620427 1
0.567388261587 -2.94585650713 0
16.2651301655 -84.4478865378 1
27.8541396222 -11.1421230431 0
55.7082792443 -22.2842460863 1
24.4254291158 17.4183355264 0
70.8337444358 50.5131730265 1
-1.1679266208 23.9715653934 0
-1.99520797721 40.9514242137 1
-26.0030127316 14.9613946169 0
-70.2081343752 40.3957654656 1
-12.4315646937 -6.43864886965 0
-60.381885655 -31.2734373669 1
-2.69050993333 -28.8749226198 0
-7.32932016322 -78.6592719642 1
3.15085804858 -2.46416183675 0
45.6874417044 -35.7303466329 1
14.1597620873 4.94986238511 0
75.5187311322 26.3992660539 1
6.04133665277 25.2883817483 0
18.3563690603 76.8377753122 1
-18.7081871918 19.4680181835 0
-28.4087286987 29.5625461306 1
-7.8488441812 -1.54778713631 0
-84.3750749478 -16.6387117153 1
-7.71311793955 -19.5322249539 0
-15.0589445486 -38.1343439577 1
14.0210116106 -19.4784812913 0
43.2314524661 -60.0586506481 1
5.99154043464 0.318501522876 0
40.94219297 2.17642707299 1
5.93846664484 10.4275890746 0
38.1051609711 66.9103632285 1
-13.4510371967 25.6918196773 0
-19.4808124918 37.2088422913 1
-7.96870268113 0.706949488832 0
-74.7065876356 6.6276514578 1
-5.51293415546 -7.11389886051 0
-42.8783767647 -55.3303244706 1
7.01747303525 -19.7928035457 0
15.371607601 -43.3556649097 1
18.4993289679 -4.33299293052 0
64.2608269413 -15.0514491271 1
15.0772461296 14.6176827557 0
53.8473076058 52.2060098419 1
-0.989067870021 4.9011982972 0
-15.4294587723 76.4586934363 1
-11.1806683409 4.35805638448 0
-33.5420050228 13.0741691534 1
-9.70811888344 -7.05354008601 0
-66.3388123702 -48.1991905877 1
1.32255808303 -22.9619433001 0
1.95508586187 -33.9437422697 1
0.871147401032 -0.491021593898 0
52.2688440619 -29.4612956339 1
22.0965843427 11.6936290511 0
30.0513547061 15.9033355095 1
2.35086422877 27.9011368474 0
6.38091719238 75.7316571573 1
-22.2078197367 17.0532326127 0
-51.5538672458 39.5878614224 1
-16.9384735625 -6.09000109784 0
-40.4641312883 -14.5483359559 1
-1.34244570081 -5.84789188857 0
-8.05467420488 -35.0873513314 1
2.09775241944 -2.14462928889 0
33.564038711 -34.3140686222 1
24.4838649094 5.05374703539 0
81.2864314992 16.7784401575 1
2.51331000824 6.53324366624 0
30.5187643857 79.3322445187 1
-13.0101330512 17.7408127771 0
-20.1065692609 27.4176197464 1
-2.99424328446 -0.185761011768 0
-81.8426497751 -5.077467655 1
-1.46148404941 -2.61993594832 0
-21.4350993913 -38.4257272421 1
7.54643669698 -14.108553901 0
38.2038357785 -71.424554124 1
22.9271128473 -1.82961648612 0
62.8003525818 -5.01155820111 1
7.26633449984 9.54988915833 0
25.4321707495 33.4246120542 1
-10.2748433735 28.1855919514 0
-14.727275502 40.3993484637 1
-12.6831810663 2.85252835893 0
-65.3671639573 14.7014923114 1
-17.7943688909 -17.5601946394 0
-29.8945397367 -29.5011269942 1
1.03241114669 -4.89225175397 0
15.6926494297 -74.3622266603 1
4.6745020245 -1.77455087922 0
65.443028343 -24.8437123091 1
5.62642821798 4.16452944616 0
53.0491803409 39.2655633495 1
-1.59208647205 23.9471347068 0
-5.24061797051 78.8259850765 1
-12.2564324266 6.7660818922 0
-58.6557837559 32.3805347698 1
-3.51875436998 -1.90220074749 0
-51.0219383647 -27.5819108386 1
-1.72813009066 -22.9349856418 0
-3.38112409043 -44.8727979948 1
5.58947330314 -4.21399907374 0
32.7383436327 -24.6819945748 1
11.2559370254 4.15979346596 0
57.2176798793 21.1456167853 1
1.07552634381 4.88295433972 0
14.1969477383 64.4549972843 1
-0.705551006686 0.708659140182 0
-43.0386114079 43.2282075511 1
-17.5954849272 -3.79458959244 0
-32.2583890333 -6.95674758614 1
-2.10461467925 -5.61877184551 0
-28.7630672831 -76.7898818886 1
16.1590739134 -21.6306340698 0
47.2802533021 -63.2896330191 1
9.97493920327 0.707522360803 0
51.869683857 3.67911627618 1
9.10883391794 16.6742059678 0
22.5323786391 41.2467200255 1
-6.23270395318 11.4084793655 0
-34.9990298909 64.0629995137 1
-16.9574328951 1.20227684306 0
-57.854771054 4.10188569986 1
-1.79538020717 -2.4034579072 0
-23.3399426933 -31.2449527936 1
1.05239202627 -2.80935420035 0
30.1685714198 -80.5348204101 1
9.77533294706 -2.107810659 0
59.629530977 -12.8576450199 1
0.705529644294 0.708680408239 0
34.5709525704 34.7253400037 1
-2.15134707365 9.76584383291 0
-15.0594295155 68.3609068303 1
-23.4501300304 8.66552950236 0
-76.9164264998 28.4229367677 1
-18.3649948948 -13.8465505638 0
-57.490418801 -43.345723504 1
1.72882145019 -22.934933538 0
2.70598140029 -35.8981568421 1
0.879702927248 -0.475523669012 0
49.2633639259 -26.6293254647 1
7.00355912107 3.86654362934 0
60.4056974193 33.3489388031 1
0.265227433407 3.99119711472 0
2.18812632561 32.9273761965 1
-20.8986282235 15.46762226 0
-62.6958846704 46.40286678 1
-17.7629044128 -6.74382879539 0
-71.9865073572 -27.3302535392 1
-3.71614922084 -17.6122183432 0
-9.29037305209 -44.030545858 1
3.5589796447 -3.51193164634 0
63.3498376757 -62.5123833049 1
23.4149447501 5.26691203186 0
80.0010612294 17.9952827755 1
0.342466457746 0.93953005557 0
12.6712589366 34.7626120561 1
-16.3499003365 21.4867577588 0
-25.4331783012 33.4238454026 1
-7.97462875976 -0.636628733314 0
-63.797030078 -5.09302986651 1
-3.30137998764 -6.17259185247 0
-17.9217770758 -33.5083557706 1
5.35906442508 -9.60627026935 0
24.8465714254 -44.5381621579 1
15.9693273746 -0.9902440115 0
76.8523879903 -4.76554930534 1
10.0528713827 13.7091129167 0
22.4711242672 30.6438994609 1
-5.38608631607 13.9996455025 0
-25.135069475 65.3316790117 1
-3.91744275844 0.808481437251 0
-44.0712310324 9.09541616908 1
-9.78920959342 -10.0085651087 0
-32.8637750636 -33.6001828651 1
3.80409561318 -16.5689123531 0
17.4540857546 -76.0220684438 1
6.5872555521 -2.36813519279 0
49.8749348945 -17.9301664597 1
14.2761250722 10.9632227434 0
38.0696668593 29.2352606492 1
-2.43569476405 28.8975326112 0
-6.29921059669 74.7349981325 1
-1.76775494636 0.935437036686 0
-53.9165258641 28.5308296189 1
-22.6494475768 -12.7672442001 0
-33.9741713652 -19.1508663002 1
-0.229889723391 -3.99338837519 0
-2.24142480306 -38.9355366581 1
15.3715248804 -11.1676417766 0
55.0138785195 -39.9684021477 1
13.9756712063 5.44799177065 0
83.8540272379 32.6879506239 1
4.1534645297 20.5851580611 0
9.49363321074 47.0517898539 1
-1.43597016794 1.39211697669 0
-32.3093287786 31.3226319755 1
-28.2356185255 -6.61436667299 0
-36.9983966885 -8.66710115771 1
-2.00482182594 -5.65514716398 0
-22.3871770563 -63.1491433311 1
17.7645899232 -22.9220275033 0
29.4034591832 -37.9399075917 1
13.9451923922 1.23758197483 0
71.7181323028 6.3647072991 1
3.71041730408 7.08751038303 0
39.4231838559 75.3047978197 1
-1.48469524377 2.60685251465 0
-22.2704286565 39.1027877197 1
-21.9690167874 1.16717667594 0
-62.9112753459 3.34236957201 1
-10.5153183285 -14.6091779526 0
-26.2882958213 -36.5229448814 1
0.36731936773 -0.930094878005 0
27.181633212 -68.8270209723 1
29.43334063 -5.80331451477 0
46.1122336537 -9.09185940647 1
17.3218521597 18.0264649268 0
60.2800455159 62.7320979451 1
-5.11254526703 21.3977073747 0
-12.5489747463 52.5216453742 1
-16.9918935495 5.93932265518 0
-68.9115682841 24.0872529905 1
-22.8431823077 -17.8658619175 0
-70.1049388064 -54.8297141607 1
1.76331815902 -18.9179996054 0
6.40362910382 -68.7022090933 1
11.5437760072 -5.97839740202 0
63.9347594243 -33.1111240727 1
20.8020493745 11.9697427633 0
69.3401645818 39.8991425443 1
0.729502508085 14.982250368 0
2.96664353288 60.9278181634 1
-17.0981679184 12.1923194608 0
-63.5074808398 45.2857579972 1
-27.8538037374 -11.1429626831 0
-56.6360675994 -22.6573574557 1
-4.91659532338 -25.5309046143 0
-13.8042868695 -71.6829244941 1
17.3788316849 -16.5522267163 0
55.0329670021 -52.4153846017 1
9.71585056183 2.36690681275 0
35.9486470788 8.75755520718 1
7.16718872177 20.7997934083 0
20.5242222487 59.56304476 1
-13.0104297751 16.4841959788 0
-55.1394404754 69.8615924816 1
-3.98105482512 -0.388847630073 0
-53.7442401391 -5.24944300598 1
-5.47130731074 -10.6801121863 0
-41.0348048306 -80.1008413971 1
8.04112608418 -13.8325807895 0
32.1645043367 -55.330323158 1
28.9716422493 -1.28216433363 0
60.9403509382 -2.69696635694 1
17.3093267551 24.5027999887 0
30.0028330422 42.4715199804 1
-2.25322521565 5.56084311302 0
-28.9163902675 71.3641532837 1
-25.5524139447 4.80355509976 0
-71.7433160756 13.4869047032 1
-8.23757557626 -8.72595832132 0
-45.3066656694 -47.9927707673 1
