0 0.452416 0.202216 1
0.111111 0.225751 0.0223923 0
0.666667 0 0.057009 0
0 0.423512 0.173312 1
1 0.165886 0.0623786 0
0.111111 0.337827 0.106135 1
0 0.384554 0.134354 1
0.111111 0.285731 0.0814578 1
0.444444 0.315435 0.163373 1
0.111111 0.397235 0.147035 1
0.555556 0.120759 0.025934 0
0.333333 0.180167 0.0395293 0
0.111111 0.234548 0.0512967 0
0.111111 0.232492 0.0507255 0
0.333333 0.224037 0.0227351 0
0.444444 0.247686 0.0453559 0
0.111111 0.318748 0.0995088 1
0.111111 0.423512 0.173312 1
0 0.392208 0.142008 1
0.333333 0.207586 0.0225066 0
0 0.330172 0.0983663 1
0.333333 0.196047 0.0307323 0
0.444444 0.207814 0.107735 1
0.111111 0.41323 0.16303 1
0.222222 0.247458 0.0549526 0
0 0.315549 0.0839712 1
0 0.392323 0.142123 1
0.333333 0.0942534 0.00868276 0
0.333333 0.071861 0.00377013 0
0 0.359648 0.109448 1
0.333333 0.089455 0 0
