0.101266 0.340909 0.057971 0.04 0
0.0759494 0.227273 0.057971 0.04 0
0.0506329 0.272727 0.0434783 0.04 0
0.0379746 0.25 0.0724638 0.04 0
0.0886076 0.363636 0.057971 0.04 0
0.13924 0.431818 0.101449 0.12 0
0.0379746 0.318182 0.057971 0.08 0
0.0886076 0.318182 0.0724638 0.04 0
0.0126582 0.204545 0.057971 0.04 0
0.0759494 0.25 0.0724638 0 0
0.13924 0.386364 0.0724638 0.04 0
0.0632911 0.318182 0.0869565 0.04 0
0.0632911 0.227273 0.057971 0 0
0 0.227273 0.0144928 0 0
0.189873 0.454545 0.0289855 0.04 0
0.177215 0.545455 0.0724638 0.12 0
0.13924 0.431818 0.0434783 0.12 0
0.101266 0.340909 0.057971 0.08 0
0.177215 0.409091 0.101449 0.08 0
0.101266 0.409091 0.0724638 0.08 0
0.13924 0.318182 0.101449 0.04 0
0.101266 0.386364 0.0724638 0.12 0
0.0379746 0.363636 0 0.04 0
0.101266 0.295455 0.101449 0.16 0
0.0632911 0.318182 0.130435 0.04 0
0.0886076 0.227273 0.0869565 0.04 0
0.0886076 0.318182 0.0869565 0.12 0
0.113924 0.340909 0.0724638 0.04 0
0.113924 0.318182 0.057971 0.04 0
0.0506329 0.272727 0.0869565 0.04 0
0.0632911 0.25 0.0869565 0.04 0
0.13924 0.318182 0.0724638 0.12 0
0.113924 0.477273 0.0724638 0 0
0.151899 0.5 0.057971 0.04 0
0.0759494 0.25 0.0724638 0 0
0.0886076 0.272727 0.0289855 0.04 0
0.151899 0.340909 0.0434783 0.04 0
0.0759494 0.25 0.0724638 0 0
0.0126582 0.227273 0.0434783 0.04 0
0.101266 0.318182 0.0724638 0.04 0
0.0886076 0.340909 0.0434783 0.08 0
0.0253164 0.0681818 0.0434783 0.08 0
0.0126582 0.272727 0.0434783 0.04 0
0.0886076 0.340909 0.0869565 0.2 0
0.101266 0.409091 0.130435 0.12 0
0.0632911 0.227273 0.057971 0.08 0
0.101266 0.409091 0.0869565 0.04 0
0.0379746 0.272727 0.057971 0.04 0
0.126582 0.386364 0.0724638 0.04 0
0.0886076 0.295455 0.057971 0.04 0
0.341772 0.272727 0.536232 0.52 0
0.265823 0.272727 0.507246 0.56 0
0.329114 0.25 0.565217 0.56 0
0.151899 0.0681818 0.434783 0.48 0
0.278481 0.181818 0.521739 0.56 0
0.177215 0.181818 0.507246 0.48 0
0.253165 0.295455 0.536232 0.6 0
0.0759494 0.0909091 0.333333 0.36 0
0.291139 0.204545 0.521739 0.48 0
0.113924 0.159091 0.42029 0.52 0
0.0886076 0 0.362319 0.36 0
0.202532 0.227273 0.463768 0.56 0
0.21519 0.0454546 0.434783 0.36 0
0.227848 0.204545 0.536232 0.52 0
0.164557 0.204545 0.376812 0.48 0
0.303797 0.25 0.492754 0.52 0
0.164557 0.227273 0.507246 0.56 0
0.189873 0.159091 0.449275 0.36 0
0.240506 0.0454546 0.507246 0.56 0
0.164557 0.113636 0.42029 0.4 0
0.202532 0.272727 0.550725 0.68 0
0.227848 0.181818 0.434783 0.48 0
0.253165 0.113636 0.565217 0.56 0
0.227848 0.181818 0.536232 0.44 0
0.265823 0.204545 0.478261 0.48 0
0.291139 0.227273 0.492754 0.52 0
0.316456 0.181818 0.550725 0.52 0
0.303797 0.227273 0.57971 0.64 0
0.21519 0.204545 0.507246 0.56 0
0.177215 0.136364 0.362319 0.36 0
0.151899 0.0909091 0.405797 0.4 0
0.151899 0.0909091 0.391304 0.36 0
0.189873 0.159091 0.42029 0.44 0
0.21519 0.159091 0.594203 0.6 0
0.13924 0.227273 0.507246 0.56 0
0.21519 0.318182 0.507246 0.6 0
0.303797 0.25 0.536232 0.56 0
0.253165 0.0681818 0.492754 0.48 0
0.164557 0.227273 0.449275 0.48 0
0.151899 0.113636 0.434783 0.48 0
0.151899 0.136364 0.492754 0.44 0
0.227848 0.227273 0.521739 0.52 0
0.189873 0.136364 0.434783 0.44 0
0.0886076 0.0681818 0.333333 0.36 0
0.164557 0.159091 0.463768 0.48 0
0.177215 0.227273 0.463768 0.44 0
0.177215 0.204545 0.463768 0.48 0
0.240506 0.204545 0.478261 0.48 0
0.101266 0.113636 0.289855 0.4 0
0.177215 0.181818 0.449275 0.48 0
0.253165 0.295455 0.724638 0.96 0
0.189873 0.159091 0.594203 0.72 0
0.35443 0.227273 0.710145 0.8 0
0.253165 0.204545 0.666667 0.68 0
0.278481 0.227273 0.695652 0.84 0
0.417721 0.227273 0.811594 0.8 0
0.0759494 0.113636 0.507246 0.64 0
0.379747 0.204545 0.768116 0.68 0
0.303797 0.113636 0.695652 0.68 0
0.367089 0.363636 0.73913 0.96 0
0.278481 0.272727 0.594203 0.76 0
0.265823 0.159091 0.623188 0.72 0
0.316456 0.227273 0.652174 0.8 0
0.177215 0.113636 0.57971 0.76 0
0.189873 0.181818 0.594203 0.92 0
0.265823 0.272727 0.623188 0.88 0
0.278481 0.227273 0.652174 0.68 0
0.43038 0.409091 0.826087 0.84 0
0.43038 0.136364 0.855072 0.88 0
0.21519 0.0454546 0.57971 0.56 0
0.329114 0.272727 0.681159 0.88 0
0.164557 0.181818 0.565217 0.76 0
0.43038 0.181818 0.826087 0.76 0
0.253165 0.159091 0.565217 0.68 0
0.303797 0.295455 0.681159 0.8 0
0.367089 0.272727 0.724638 0.68 0
0.240506 0.181818 0.550725 0.68 0
0.227848 0.227273 0.565217 0.68 0
0.265823 0.181818 0.666667 0.8 0
0.367089 0.227273 0.695652 0.6 0
0.392405 0.181818 0.73913 0.72 0
0.455696 0.409091 0.782609 0.76 0
0.265823 0.181818 0.666667 0.84 0
0.253165 0.181818 0.594203 0.56 0
0.227848 0.136364 0.666667 0.52 0
0.43038 0.227273 0.73913 0.88 0
0.253165 0.318182 0.666667 0.92 0
0.265823 0.25 0.652174 0.68 0
0.21519 0.227273 0.550725 0.68 0
0.329114 0.25 0.637681 0.8 0
0.303797 0.25 0.666667 0.92 0
0.329114 0.25 0.594203 0.88 0
0.189873 0.159091 0.594203 0.72 0
0.316456 0.272727 0.710145 0.88 0
0.303797 0.295455 0.681159 0.96 0
0.303797 0.227273 0.608696 0.88 0
0.253165 0.113636 0.57971 0.72 0
0.278481 0.227273 0.608696 0.76 0
0.240506 0.318182 0.637681 0.88 0
0.202532 0.227273 0.594203 0.68 0
